> runMain kmeans.KMeansRunner
[info] Running kmeans.KMeansRunner

measurements: 166.276231, 141.021693, 154.378596, 144.140973, 147.636774, 151.867618, 145.927402, 170.709525, 179.632892, 170.427513, 179.420786, 197.692279, 210.575506, 248.274617, 165.504173, 144.770647, 156.350663, 138.439002, 148.761269, 140.3602, 136.075882, 148.739241, 141.325102, 142.504194, 149.508749
sequential time: 160.81286108000003 ms

measurements: 254.437274, 238.245986, 277.230115, 272.338384, 247.883377, 262.838558, 251.240311, 265.172408, 262.899092, 259.613928, 257.3441, 257.46303, 240.310837, 241.644281, 250.552718, 245.781191, 249.017811, 235.793715, 287.49863, 239.875399, 247.442387, 266.162666, 246.177185, 250.306891, 260.741599
parallel time: 254.72047492000002 ms

speedup: 0.6313307209815249


